1007722
1007752
1007754
1007755
1007757
1007760
1007762
1009147
1009153
1009157
1009419
1009421
1009423
1009425
1009427
1009429
1012692
1012694
1012696
1012698
1012700
1012702
1012921
1012923
1012925
1012927
1012929
1012931
1013165
1013300
1013724
1013726
1013730
1015950
1015952
1015954
1015956
1020262
1020264
1020279
1020286
1020294
1021857
1029719
1029721
1029723
1029725
1029727
1035330
1038779
1038781
1038783
1038785
1038787
1038789
1038791
1038793
1038795
1047958
1047960
1047964
1063616
1063618
1063620
1063624
1064104
1064106
1064108
1064110
1064177
1106189
1106191
1106193
1106195
1106197
1129662
1129664
1129666
1129668
1129670
1129709
1129711
1129713
1129715
1129717
1139236
1139238
1139240
1139318
1139320
1139322
1139324
1139376
1139378
1139380
1167941
1167943
1167945
1167947
1167949
1176458
1176460
1176462
1176834
1176992
1177428
1177430
1177432
1177434
1177436
1187972
1187974
1187976
1187978
1187980
1187982
1187984
1187986
1188298
1188669
1189862
1190034
1190047
1190176
1190186
1190693
1193006
1193010
1193025
1193084
1193086
1193195
1200127
1200130
1200133
1200138
1200143
1200230
1200263
1200284
1200312
1200314
1200316
1200318
1200320
1200331
1212902
1212904
1212906
1212908
1212910
1212912
1223157
1223159
1223161
1223163
1223165
1223167
1225760
1225762
1225764
1225766
1225768
1225770
1225772
1225774
1229945
1229947
1229949
1229951
1229953
1232566
1232568
1232570
1232572
1232574
1233507
1233509
1233511
1233513
1233515
1233517
1233519
1233521
1233523
1252476
1252478
1252480
1252482
1252484
1252486
1252595
1252597
1252599
1252601
1252603
1262656
1262658
1262660
1262662
1262664
1264568
1264570
1264572
1264574
1264576
1264578
1271315
1274102
1274104
1274106
1274228
1274230
1274232
1274234
1274253
1274255
1274538
1274540
1274544
1274548
1276785
1276787
1276789
1276791
1276793
1276795
1279674
1279676
1279678
1279680
1279682
1279901
1281347
1284070
1284075
1284080
1284098
1284103
1284110
1284111
1284161
1284163
1284165
1284167
1284169
1284294
1284296
1284298
1284300
1284302
1284428
1284430
1284432
1284434
1284436
1292638
1292640
1292642
1292644
1292646
1293785
1293787
1293789
1293852
1293854
1293856
1295655
1295657
1295659
1295701
1295703
1295705
1295707
1300519
1300521
1300525
1306525
1309549
1309551
1309553
1309555
1309557
1322901
1322903
1322905
1322907
1322909
1323071
1323073
1323075
1323077
1323079
1332654
1332656
1332658
1332660
1332662
1334157
1334159
1334161
1334163
1334165
1343993
1343995
1343997
1343999
1344001
1344003
1347519
1349647
1349936
1350270
1352721
1352723
1352725
1352727
1352729
1352731
1356308
1356310
1356314
1356316
1356327
1357903
1357905
1357907
1357909
1357911
1363297
1363299
1363301
1363303
1363305
1366045
1366047
1366049
1366051
1366053
1366392
1366489
1366491
1366493
1366495
1366992
1366994
1366996
1370870
1370872
1370874
1370876
1370887
1370889
1372380
1372382
1373302
1373304
1373306
1373308
1373310
1375701
1375703
1375705
1375707
1375709
1376743
1390661
1390663
1390665
1390667
1390669
1401049
1401051
1401053
1401055
1402110
1402112
1402114
1402642
1402644
1402646
1402648
1404577
1404579
1404581
1404583
1412148
1412150
1412152
1417090
1417092
1417094
1417096
1417098
1417111
1417528
1425080
1425082
1425084
1425086
1425088
1434647
1436771
1436773
1436775
1436777
1436779
1437646
1437648
1437650
1437652
1437991
1437993
1437995
1437997
1438107
1438109
1438111
1438113
1443293
1443295
1443297
1443299
1443301
1452985
1452987
1452989
1452991
1452993
1453460
1453462
1453464
1453466
1455542
1459847
1459849
1459851
1459853
1459855
1459857
1459859
1459861
1459863
1459865
1459867
1460637
1460639
1462528
1471915
1471917
1471919
1471921
1471923
1473092
1473929
1473931
1473933
1473935
1473937
1473939
1478510
1478950
1527710
1527733
1527746
1527754
1527773
1528276
1528278
1528280
1528889
1528891
1528893
1531817
1531819
1531821
1548327
1548329
1548331
1548333
1548335
1549667
1549669
1549671
1549673
1549675
1549677
1555267
1557977
1557981
1557983
1557987
1565599
1565601
1565603
1565605
1565607
1577490
1577492
1577494
1577496
1577498
1582759
1582988
1582992
1595806
1595818
1595828
1595834
1595837
1606710
1606712
1606714
1606716
1606718
1606720
1606722
1606759
1606761
1606763
1606767
1611692
1611694
1613848
1613850
1613852
1613856
1614173
1614175
1614177
1614179
1614181
1614768
1614770
1614772
1614774
1614776
1614880
1614882
1614884
1614886
1623008
1631270
1678666
1678668
1678670
1678672
1678979
1678981
1678983
1679015
1679637
1679639
1679641
1679643
1680036
1680038
1680040
1680042
1680044
1688413
1688537
1705862
1705864
1705868
1705870
1712687
1712689
1712691
1712693
1712695
1717671
1717673
1717675
1717677
1717679
1720178
1720180
1720182
1720184
1720186
1721330
1721332
1721334
1721336
1721338
1777901
1777903
1777905
1777907
1777909
1778232
1778234
1778236
1778238
1778240
1778644
1778646
1778648
1778650
1778654
1778656
1778658
1778660
1785824
1787347
1787490
1804768
1804770
1804772
1804774
1804776
1814642
1814646
1814648
1814652
1860819
1860821
1860823
1860825
1860827
186114
186118
186124
186154
186155
186156
186157
186158
186159
186162
1861857
1861859
1861861
1861863
1861865
188389
188392
188401
188403
188408
188423
188426
188430
188431
188435
189002
1890660
1890662
1890664
1890666
1890668
1890670
1890672
1890674
1890676
189148
189152
1892329
1892331
1892333
1892335
1892337
1896312
1896314
1896316
1896318
1896320
1896794
1896796
1896798
1896800
1896802
1896804
1896806
1896808
1896810
1896812
192418
192420
192421
1940589
1940591
1940593
1940595
1940649
1940651
1940653
1940655
1940985
1940987
1940989
1966950
1966952
1966954
1966956
1966958
1966965
1966967
1966969
1966971
1966973
1966986
197086
197088
197090
1978942
1997303
2014321
2015430
2015432
2015434
2015436
2015575
2015577
2015579
2015581
202774
203779
203780
203781
203782
203783
203785
203786
203787
203788
203789
203790
204217
204224
207167
2091248
2091250
2091252
2091254
2091296
2091298
2091300
2091302
2091304
2095767
2095769
2095771
2095773
2096063
2096065
2096067
2096069
2096071
2103747
2103749
2104752
2104754
2104909
2104911
2104913
2104915
2104917
2137574
2137576
2137578
2137580
2137582
2139124
2139126
2139128
2139130
2139132
2139134
2139136
2139138
2139140
2139142
2151867
2158485
2158487
2158489
2158491
2158493
2161582
2161588
2161592
2161596
2166682
2166684
2166686
2166688
2166690
2166692
2166694
2166696
2172300
2172302
2172304
2172306
2172308
2173059
2173061
2173063
2173065
2173067
2176823
2176825
2176827
2176829
2176831
2194171
2194173
2194175
2194177
2194179
2194181
2194183
2211903
2222984
2222986
2222988
2222990
2222992
2223273
2223275
2223277
2223279
2223281
2223566
2223568
2223570
2223572
2226013
2226015
2226017
2226019
2226021
2233783
2233785
2233787
2235684
2235686
2235688
2246993
2246995
2260620
2260622
2260624
2260628
2273170
2274467
2274469
2274471
2274473
2274475
2274477
2275504
2275506
2275508
2275510
2275512
2284085
2286903
2286905
2287022
2287048
2287065
2287084
2295248
2295268
2299162
2299164
2299166
2299168
2299209
2299211
2299215
2299218
2299322
2299324
2299326
2299533
2299535
2299537
2299568
2299570
2299572
2299574
2299592
2299594
2299596
2299598
2299755
2299757
2299759
2299761
2299763
2299765
2301105
2301109
2301111
2301113
2310702
2311307
2311309
2315175
2315177
2315179
2315181
2315183
2319831
2321671
2321673
2321675
2321677
2339963
2339965
2339967
2339969
2340134
2340136
2340138
2340140
2340142
2344560
2344562
2344564
2344566
2344568
2347560
2347563
2347566
2347569
2347572
2352948
2359712
2359713
2359714
2359715
2359716
2359717
2359799
2359800
2359801
2359802
2359803
2365717
2365718
2365719
2365720
2365721
2368880
2369906
2369907
2369908
2369909
2369955
2369956
2369957
2369958
2370307
2370309
2370311
2374031
2374032
2374033
2374034
2374035
2374735
2374737
2374738
2374739
2374740
2383110
2383111
2383112
2385224
2385225
2385226
2385227
2385228
2385229
2385230
2387075
2387076
2387077
2387078
2387079
2391948
2391949
2391950
2391951
2391952
2399451
2399452
2399453
2399454
2399455
2408319
2408320
2408321
2408323
2408324
2408325
2412504
2414627
2414718
2414954
2415213
2415231
2416013
2416027
2416044
2416538
2416621
2417708
2417931
2419689
2420345
2420437
2421113
2423538
2423539
2423540
2423624
2423625
2423626
2423627
2423628
2429496
2429497
2429498
2429499
2429500
2431622
2431624
2431625
2431626
2431786
2431787
2431788
2431789
2431886
2431887
2431888
2440131
2440454
2446465
246631
246632
246639
2472413
2472414
2472415
2472416
2472417
2472418
2472805
2473231
2473232
2473234
2473235
2473236
2479398
248009
248010
248015
2490806
2490807
2490808
2490809
2490810
2491820
2491822
2491825
2499848
2499849
2499852
2502416
2510323
2510324
2510325
2512362
2512364
2512365
2512368
2513337
2514083
2514084
2514085
2514086
2514087
2516715
2516771
2527846
2527883
2534442
2534445
2538386
2538388
2539617
2539618
2539619
2539620
2539621
2542817
2542818
2542820
2544105
2544107
2545189
2545194
2545199
2545416
2552172
2552174
2552175
2552178
2552179
2552180
2552181
2552182
2557544
2557545
2557546
2557547
2557549
2560003
2560006
2560007
2560008
2560010
2560011
2568290
2568291
2568292
2568293
2568294
2568311
2568315
2575846
2575848
2575849
257610
257611
257698
257701
257702
2577890
2577892
2577893
2577894
2577896
2580643
2580644
2580645
2580946
2580947
2580948
2581160
2581161
2581162
2581163
2581164
2582755
2582756
2582757
2582758
2582759
2588445
2588446
2588447
2588448
2588449
2592935
2592936
2592937
2592938
259616
259617
259636
259644
259645
259646
259647
2599130
2604493
2604589
2604708
2604964
2605030
2605120
2605121
2605122
2605123
2605124
2605125
2605233
2605234
2605235
2605236
2605237
2612054
2612058
2612059
2612060
2613630
261507
261509
2619645
2619646
2619649
2621739
2621740
2621741
2621743
2624105
2624106
2624108
2624109
2625032
2625081
2625082
2625083
2625084
2625085
2625086
2625087
2625088
2625312
2625313
2625314
2625315
2625316
2625317
2625318
2625319
2632386
2632387
2632388
2633342
2633343
2635296
2635297
2635299
2635300
2635675
2639217
2640469
2640690
2640691
2645593
2645595
2646343
2646344
2646346
2646347
2649125
2649126
2649127
2649128
265381
265903
265904
265909
265911
2663363
2663422
2663450
2663463
2663476
2663485
2663486
2663500
2663510
2663525
2663536
2672162
2672163
2675027
2675028
2675029
2675030
2675031
2675032
2675766
2675767
2675768
2682449
2682460
2682463
2682465
2682475
2698251
2698252
2711246
2711247
2711248
2711249
2711250
2749381
2749382
2749383
2749384
2749385
2775380
2777322
2780533
2780535
2781073
2781074
2781075
2781076
278337
278338
278340
278363
278364
278365
278366
278367
2785672
2785675
2785721
2785722
2785723
2785724
2785725
2785792
2785793
2785795
2785796
2785797
2785832
2785833
2785834
2785835
2785837
279086
279087
279088
279089
2792412
2792413
2793311
2798422
2798423
2798424
2798425
2798426
2799963
2803221
2803237
2803987
280778
280779
280780
280781
280782
2807833
2808184
2808185
2808186
2808187
2808188
280821
280822
2808469
2809186
2809187
2809188
2809189
2809190
2815798
2815799
2815800
2815801
2818294
2819269
2819270
2819271
2819272
2819273
2822377
2822378
2823142
2823143
2823144
2823145
2823146
2823147
2823148
2823470
2823471
2823472
2823473
2823474
2831148
2831149
2834132
2834133
2834136
2834676
2834677
2834678
2834679
2834680
2834681
2834682
283849
283850
283851
283852
2841040
2841110
2841111
2841112
2841182
2841183
2841185
2841186
2841187
2841209
2841211
2846465
2848019
2855441
2864733
2864737
2867086
2867088
2867089
2867090
2867091
287567
287568
287569
287570
287571
2882811
2882812
2882813
2882814
2882815
2882816
2883697
2885657
2885658
2885659
2885885
2885887
2885889
2885891
2885892
2885893
2895434
2895435
2895436
2895437
2895438
2900936
2901810
2904676
2904677
2904678
2904679
2922693
2922694
2922696
292537
292538
292539
292540
292541
292542
2926946
2926947
2926948
2929585
2929632
2929634
2929636
2937747
2937748
2937769
2937770
2937771
2937772
2937773
2952786
2952788
2952790
2953123
2953173
2953373
2953374
2953375
2953376
2953377
2963497
2963498
2963499
2963849
296962
296963
296964
296965
296966
296967
296968
296969
296970
296971
296972
2973000
2973194
2973195
2973196
2973197
2982051
2982052
2984483
2984484
2984485
2988488
2991767
2991775
2991793
2991800
2991806
2991819
2991838
2991853
2991867
2991904
2991932
2991956
2991984
2992006
2992035
2999303
2999304
3001782
3001783
3001784
3001785
3001786
3002712
3002713
3002714
3003102
3003169
3005562
3005563
3005564
3005565
3005566
3005567
3006095
3006107
3006109
3007681
3007682
3008807
3008808
3009526
3009527
3009528
3009529
3009530
3009531
3009532
3009533
3009534
3009535
3009536
3011932
3011933
3011934
3011935
3011936
3011937
3018654
3018655
3018656
3018657
3018658
3018791
3018843
3018848
3018864
3018867
3021138
3021139
303097
303098
303099
303101
303102
303104
303105
303106
303107
303108
303109
3031195
3031196
3031197
3031198
3031199
3031772
3031773
3031774
3031775
3031776
3031809
3031813
3031816
3031882
3031885
3031887
3032206
3032207
3032208
3032209
3032210
303303
303304
303305
3040930
3040931
3040932
3040933
3043018
3043019
3043020
3043021
3043815
3043816
3043817
3043818
3043819
3044634
3044658
3044668
3044707
3044720
3047192
3047992
3051150
305323
305324
305325
305326
305327
305328
305348
305356
305358
305359
305379
305380
305381
3056736
3056737
3056738
3059959
3059960
3060096
3060097
3060098
3060099
3060100
3060101
3060102
3060103
3060104
3060105
3060686
3061311
3061317
3061323
3061326
3061346
3061349
3061872
3065155
3065156
3065157
3065158
3065159
3065160
3065206
3065215
3066196
3066498
3066499
3066500
3066501
3066502
3066503
3068258
3068271
3068374
3068376
3068379
3070073
3070092
3070418
3076795
3078122
3078177
3079834
3079844
3079876
3079877
3080261
3080468
3080473
308111
308112
308113
308116
3081952
3081953
3081954
3081955
3081956
3083176
3083177
3083178
3083179
3083180
3083181
3083182
3083626
3087492
3095702
3095712
3095715
3095720
3095729
3095736
3095745
3095749
3095756
3095836
3096056
3096063
3096072
3096076
3096100
3097599
3097600
3097894
3097896
3097897
3097899
3097900
3098580
3098594
3098608
3098677
3100874
3100875
3100876
3100877
3100878
3100979
3100980
3101684
3101694
3101857
3101858
3101904
3101909
3102044
3102276
3102278
3102279
3104116
3104117
3104121
3104126
3104134
3106651
3106652
3106653
3106956
3106957
3106958
3106959
3106960
3111829
3111848
3111852
3111860
3111918
3111919
3111920
3112192
3112193
3112194
3112195
3112244
3112277
3112282
3112290
3113713
3113714
3114988
3114989
3114990
3114991
3114992
3115051
3115105
3115114
3115119
311638
311639
311640
311641
311642
311643
311661
311662
3116627
3116629
311663
311664
3116640
3116641
3116646
311665
3116650
3116653
311675
311676
311677
311678
311679
311680
311705
311706
311707
311708
311709
311806
3118069
311807
311808
311809
311810
311811
311812
311813
311814
311815
311816
311817
311818
311819
311876
311877
311878
311879
311880
3121885
3121886
3121888
3121889
3121911
3121919
3121938
3121949
3121953
3121975
3122243
3127765
3128943
3128944
3128945
3128947
3130189
3130222
3130223
3130224
3130225
3130226
3130227
3130644
3130645
3130646
3130647
3130648
3132115
3132122
3132200
3132206
3132211
313572
313573
313574
313575
313576
3144156
3144258
3144259
3144260
3144261
3146358
3146365
3147149
3155058
3155059
3155060
3155061
3155062
3155086
3155091
3159847
3159859
3159868
3160704
3160721
3162203
3162212
3162222
3162234
3162312
3162327
3162354
3162379
3162430
3162890
3162921
3162935
3162944
3163101
3163102
3163103
3163595
3163597
3163599
317827
317828
317830
317834
317836
3179731
3179732
3179733
3179734
3179735
3181139
3181140
3181141
3181142
3181143
3181148
3181150
3181553
3181554
3181555
3181556
3181557
3181558
3181559
3182359
3182377
3182386
3182402
3182411
3182857
3182858
3182859
3182860
3183036
3184783
3184789
3184798
3184817
3185255
3185289
3201250
3201251
3201252
3201253
3201254
3201255
3201465
3201472
3201521
3201539
3201620
3201849
3201850
3201851
3201852
3201853
3201904
3201908
3201929
3202989
3202990
3202991
3202992
3202993
3202994
320335
320336
320337
320338
320339
320340
320341
3203507
3203521
3203524
3203530
3203823
3203835
3203836
3204062
3204063
3205327
3205328
3205329
3205330
3205331
320661
320663
320664
320665
3207799
3218990
3218992
3218993
3218994
3219767
3221554
3221569
3221585
3221586
3221596
3221608
3222515
3222678
3223221
3223222
3223223
3223224
3223225
3224524
3224526
3225814
324474
3250152
3250172
3250195
3250201
3250206
3250229
3250256
3250269
3254091
3254092
3254093
3255715
3256936
3268336
3268351
3268369
3268387
3268399
3269852
3269853
327027
327028
327037
327065
327066
327067
327068
327072
327073
327074
327092
327093
327094
327095
329139
3295531
3295532
3295533
3295534
3295535
3296994
3310759
3310773
3311854
3311862
3311863
3311864
3311865
3311868
3311873
3311876
3311880
3311883
3314226
3314247
3314710
3314713
3314784
3314815
3314824
3314856
3314872
3314889
3316028
3316052
3316082
3316109
3316130
3316154
3316157
3316159
3319622
332294
332304
332306
332387
3325108
3325109
3325110
3325111
3325112
3325182
3325185
3325197
3330553
3330557
3330561
3330583
3330587
3330593
3331275
3331282
3331308
3331309
3331310
3331320
3331323
3349678
3351013
3351014
3351015
3351016
3351017
3351315
3351316
3351317
3351318
3351319
3351377
3351390
3351397
335333
335334
335335
335336
335337
335338
335339
336146
336147
336148
336149
3379663
3379664
3379675
3379676
3381020
3386956
3387074
3387075
3387089
342006
342007
3422056
3422310
3422317
3422323
3422328
342233
342234
342235
342236
3422385
3422386
3422387
3422388
3422445
344164
3442114
3442126
3442134
3442148
3442159
3442168
3442198
3443140
3451416
3451417
3463070
3463283
3464847
3464857
3464867
3465367
3465416
3465426
3465576
3465577
3466014
3466015
3466016
3466017
3466018
3466748
3466751
3466753
347805
347806
347807
347808
347809
347813
347814
347815
347816
347817
348081
348082
348083
348084
348086
348087
348088
348089
348090
348147
3483620
348743
349207
3503393
3503398
3503818
3503836
3503837
3503872
3503877
3503882
3504534
3504542
3504552
3504555
3504611
3504634
3504641
3506618
3506646
3506678
3506723
3506739
3507102
3507103
3507104
3507105
3507106
3507658
3507684
3507705
3507720
3507814
3507924
3507953
3508253
351035
3527360
3527361
3527362
3527363
3527904
3527905
3527906
3527907
3527908
3527909
3530495
3530505
3530535
3530536
3530537
3530538
3530899
3530900
3530901
3530902
3531799
3531813
3531832
3531847
3531873
3534200
3534205
3534217
3534227
3534236
3534243
3534264
3534278
3534635
3540255
3540256
3540257
3540258
3540259
354237
354687
354688
354689
354690
354706
354707
354708
354709
3550237
3551806
3551813
3551816
3551821
3552079
3555205
3555206
3555207
3555208
3555209
3555210
356133
356134
356135
356136
356137
3563089
3563090
3563091
3563168
3563169
3563170
3563171
3563172
356600
356601
356602
356603
356604
356612
356619
356620
356621
356622
356623
3570308
3570309
3570310
3570311
3570312
3571726
3571742
3571746
3572443
3572465
3572473
3572491
3572519
3572561
3579738
3579739
3579740
3579741
3593250
3593251
3593252
3594116
3594117
3594118
3594119
3594120
3594121
3594122
3595793
3611148
3611357
3615324
3615325
3615326
3615327
3615574
3615575
3615576
361736
361737
361738
361739
361740
361865
361866
361868
361869
3619210
3619211
3619212
3619213
3619214
3634577
3634578
3634579
3634580
3634581
3634582
3635077
3639025
3639026
3639027
3639028
3639029
3639030
3639031
3639108
3640529
3640538
3640543
3640545
3640594
3640617
3640620
368475
368476
368477
368478
368486
368487
368488
368489
368490
368491
369542
369543
369544
369545
369552
369553
369554
369555
369561
369562
369563
369564
375476
375477
375478
375479
375483
375484
375485
375486
375487
375488
375495
375496
375497
375498
375499
378526
378527
378528
378529
378530
378531
378532
381477
381478
381479
381480
381481
381482
381483
381484
381486
381487
381488
381489
381490
381491
381495
381496
381497
381498
381499
381500
381503
381504
381505
381506
381508
381509
382889
382890
382891
382892
382893
382894
385440
385441
387268
387269
387270
387271
387272
387273
387274
388812
388813
388814
388815
388816
388817
388838
388839
388840
388841
388842
392101
392277
392311
392312
392313
392314
392315
392963
392969
392970
392971
392972
392973
396169
396170
396171
396172
396173
396480
396481
396482
396503
397716
397717
397718
397719
397720
397827
397828
397829
397830
397831
399456
399457
399458
399459
399996
399997
399998
400004
401804
401806
401808
401809
401819
401820
401821
401822
402363
402364
403213
403370
403371
403372
403373
403374
403375
404144
404177
406015
407120
407167
410516
410517
410518
410519
410520
411015
411016
411017
411018
411019
411204
411205
411206
411207
411208
411209
411210
411273
411274
411275
411276
411277
411336
411337
411338
411339
411343
412514
412515
412516
412517
412518
412519
412520
414065
414263
414264
414265
414266
414319
414320
414321
414322
415083
415084
415085
415086
415191
415192
415193
415194
415587
415588
415589
415590
415591
415592
416486
416487
416488
416489
416490
416491
416500
417083
417084
417085
417086
417087
417088
421247
421248
421249
421250
421251
421263
424805
424806
424807
424809
424811
424812
424840
424841
424842
424843
424844
427309
427310
427311
427312
427313
427314
427315
427316
428124
428125
428126
428127
428233
430541
430542
430543
430544
430545
430546
430567
430568
430569
430570
430571
430640
430641
430642
430643
430790
430791
430792
430805
430806
430807
430827
442115
442116
442117
442118
442119
442120
442252
442253
442254
442255
442256
442380
442381
442382
442383
442384
442385
442874
442875
442876
443526
443527
443528
443529
443530
443531
444769
444770
444771
444772
445571
445572
445573
445574
445575
445576
445577
446100
446101
446102
446697
446698
446699
446700
446701
446702
446703
446825
447098
447099
447100
447101
447827
447828
447829
448158
448159
448160
448161
448162
448163
448164
448165
450502
450503
450504
450505
450506
450507
450758
450759
450760
450761
450762
450941
450942
450943
450944
450945
450967
451177
451178
451179
451180
451181
451969
451970
451971
451972
451973
451974
454600
456678
456679
456680
456682
456695
456696
456697
456699
456724
456725
456726
456727
456728
456729
456758
456759
456760
458077
458078
458079
458080
458123
458124
458125
458126
458127
458128
458129
458137
458138
458139
458140
458168
458169
458170
458172
459794
460416
460417
460418
460419
460420
460421
460422
460423
461220
461221
461222
461223
461224
461225
461226
464067
464068
464069
464070
464071
464072
464082
464083
464084
464085
464086
464145
464155
464157
465475
465476
465477
465478
465488
465489
465490
465491
465500
465501
465502
465511
465512
472585
475336
475337
475338
475339
475340
475355
475356
475357
475358
475359
475360
475361
475362
475371
475372
475373
475374
475375
475376
475377
475384
475385
475386
475387
475402
475409
477981
479027
479028
479029
479030
479031
479032
479033
479034
480386
480387
480388
480389
480390
480391
482065
482066
482067
482068
482301
482302
482303
482304
482305
490044
490045
490046
490061
490062
490063
490064
490069
490070
490071
490072
490075
490076
490077
490078
490314
490315
490316
492673
492674
492675
492676
493093
493094
493095
493096
493097
493098
493099
493100
493579
493580
493581
493582
493583
493584
493839
493840
493841
493842
494060
494061
494062
494063
495401
495402
495403
495404
495405
496171
496172
496173
496174
496175
496176
496367
496368
496369
496370
496371
497425
501125
501126
501127
501128
501651
501652
501653
501755
501756
501757
501933
502021
502022
502023
502034
502035
502036
502591
502592
502593
502594
502595
502611
502612
502613
502614
502615
502620
502621
502622
502623
502624
502625
504270
504271
504272
504273
504274
504310
504311
504312
504313
504314
504316
504364
510067
510068
510069
510070
510071
510540
510541
510542
510543
510544
512786
512787
512788
512789
512790
512791
512792
512821
512830
513773
513774
513775
513776
513800
513801
513802
513803
513804
513805
513806
513857
513858
513859
513860
513861
513862
513868
513869
513870
513871
513872
521329
521330
521331
521332
521366
521367
524893
524894
524895
524896
524897
525235
525236
525237
525238
525239
525240
525241
525242
526192
526193
526194
526195
526196
526197
526198
526603
526604
526605
526606
526623
526624
526625
526626
526660
526661
526662
526663
526694
526695
526696
526697
526733
526734
526735
526736
526737
529221
529222
529223
529241
529242
529243
544083
544084
544085
544086
544087
544088
544089
544090
544091
544092
544111
544528
544529
544530
544531
544532
545714
545715
545716
545717
545948
545949
545950
545951
545952
568641
568642
568643
568682
568683
568684
568685
568686
568687
568688
569554
569813
569814
569815
569816
571264
571265
571266
571267
571268
571269
571924
572357
572358
572359
572360
572361
572362
578843
578844
578845
578846
578847
578848
578849
578850
579000
579001
579002
579003
579004
582634
582635
582636
582655
582656
582657
582691
582692
582693
587715
587716
587717
587718
587719
587720
587721
589548
589827
591007
591008
591009
591010
591011
591012
591013
596733
596734
596735
596736
596737
596738
596739
596740
601058
601059
601060
601061
604756
604757
604758
604759
604760
604774
604775
604776
604777
604778
608472
608473
608474
608475
608487
608488
608489
608490
609477
609478
609479
609480
609503
609504
609505
609506
609837
609838
609839
609872
610479
616763
616764
616765
616766
616767
616810
616811
616812
616813
616814
617056
620059
620060
620061
620062
620063
620064
620065
620066
620690
620691
620692
620693
620694
620695
624995
625325
625326
625327
625328
625329
625330
625331
628030
628034
628035
628036
628037
628502
629442
629444
629445
629446
633462
633463
633464
633465
633466
634684
634685
634686
634687
634688
636518
636522
636523
636524
636525
640660
640661
640662
640663
640664
644898
644899
644900
644901
644902
644903
644904
644905
644906
649612
649613
649614
649615
649616
649617
650254
658151
658152
658153
658154
658811
658812
658813
658814
658924
658925
658926
658927
660561
660562
660563
660564
660585
660586
660587
660597
660598
660599
660600
661607
661608
661609
661636
661637
661638
662555
662556
662557
662571
662580
662581
662582
662583
664544
664545
664546
664547
664548
664656
665742
668889
668890
668891
668892
668893
668971
668972
668973
668974
668975
678473
678474
678475
678477
683741
683742
683743
683744
683745
685602
685603
685604
685605
686382
686383
686384
686386
687843
717497
717498
717499
717500
717501
717502
717510
717511
717512
717513
717514
720436
720437
720438
720439
720440
720441
746161
746163
746165
746167
749932
749934
749938
750608
750610
750612
750614
750616
751272
751274
751276
751278
753078
753080
753082
753084
753086
753092
758060
758062
758064
758066
758068
758070
758316
758318
758320
758322
758324
758331
760706
760708
760710
760712
760714
760948
760950
760952
760954
760984
760986
760988
760990
761054
761056
761077
761079
761081
761083
763434
763436
763438
763440
763442
763605
763607
767939
767941
767943
767945
767947
770091
770095
770097
770099
770101
770103
773551
773553
773555
773557
773559
780532
780534
780536
780538
780540
780641
780643
780645
780647
780675
780677
780679
780681
780683
780929
781070
781139
781250
781252
793753
793987
800373
800375
800377
800379
800381
800383
800385
800387
800770
800772
800774
800776
800778
800780
800782
802775
802777
802779
802781
802783
802785
803325
803327
803329
803331
803333
803335
816718
816720
816722
816724
816726
817535
817537
817539
817541
817543
817545
817547
819965
819967
819969
819971
819973
819975
819977
819979
820304
820306
820308
820310
820312
820314
824202
850501
850503
850505
850507
850548
850550
850577
850579
850581
850583
851036
851059
853982
853984
853986
853988
853990
853992
853994
853996
857208
857210
857212
857214
857216
857218
858782
858784
858786
858788
858790
858792
862993
862995
862997
862999
863001
864779
864781
864783
864785
864787
864789
864791
864793
870589
870591
870593
870595
870597
870599
870670
881979
884036
884356
896685
896687
896689
896691
909223
912018
912020
912022
912024
912072
912074
912076
912078
914178
914180
914182
914184
914210
914212
914214
914216
914426
914430
914432
914434
914436
914438
914909
914911
914913
914915
914917
914919
922955
922957
922959
922961
922963
923376
923378
923380
923382
923384
924437
924439
924441
924443
951167
951169
951171
951176
951177
951616
951659
951666
951705
951707
951741
962628
962630
962632
962634
962636
970514
970516
970518
970584
970586
970588
970602
970608
970609
970611
970631
970638
970645
970648
995001
995003
995005
995007
995009
997748
997750
997752
997754
997756
997758
999384
999386
999388
999395
